# 탭을 이용해 아래와 동일한 구구단 표를 화면에 출력해라 (탭은 "\t" 문자를 사용한다.)
# 1	2	3	4	5	6	7	8	9
# 2	4	6	8	10	12	14	16	18
# 3	6	9	12	15	18	21	24	27
# 4	8	12	16	20	24	28	32	36
# 5	10	15	20	25	30	35	40	45
# 6	12	18	24	30	36	42	48	54
# 7	14	21	28	35	42	49	56	63
# 8	16	24	32	40	48	56	64	72
# 9	18	27	36	45	54	63	72	81


for i in range(1, 10):
    s = ""
    for j in range(1, 10):
        s += f"{i * j}\t"
    print(s)

    this_is_list = ["hi", 0, 1, 2, "!"]
